[TaskSetting]
Num = 2
[Area1]
Name = ÂÌÉ«Green
ColorType = 2
ExpTime = 5000.00000000000000000000
Bottom = 721
Right = 1125
Top = 155
Left = 492
[Area2]
Name = ºìÉ«Red
ColorType = 1
ExpTime = 5000.00000000000000000000
Bottom = 1744
Right = 2294
Top = 1041
Left = 1540