[TaskSetting]
Num = 2
[Area1]
Name = ºìÉ«Red
ColorType = 1
ExpTime = 5000.00000000000000000000
Bottom = 100
Right = 70
Top = 0
Left = 0
[Area2]
Name = ÂÌÉ«Red
ColorType = 2
ExpTime = 5000.00000000000000000000
Bottom = 100
Right = 70
Top = 0
Left = 0