[TaskSetting]
Num = 2
[Area1]
Name = ºìÉ«Red
ColorType = 1
ExpTime = 5000.00000000000000000000
Bottom = 872
Right = 1154
Top = 277
Left = 433
[Area2]
Name = ºìÉ«Red
ColorType = 1
ExpTime = 5000.00000000000000000000
Bottom = 1795
Right = 2367
Top = 983
Left = 1639